#  Description for UT/CSR monthly C20 RL-05 time series from SLR
#
#  Column 1: Approximate mid-point of monthly solution (years)
#  Column 2: C20 from SLR (normalized)
#  Column 3: Delta C20 relative to a mean value of -4.841694723127E-4 (1E-10)
#  Column 4: Solution sigma (1E-10)
#  Column 5: Mean value of Atmosphere-Ocean De-aliasing model (1E-10)
#  Columns 6-7: Start and end dates of data used in solution (YearMonthDay.Seconds)
#
#  The RL-05 background gravity model includes solid earth and ocean tides, solid 
#  earth and ocean pole tides, and the Atmosphere-Ocean De-aliasing (AOD1B) product.
#  However, the monthly mean of the AOD model has been restored. 
#
#  SLR estimates always use the full set of days in each calendar month.
#
 2001.0411  -4.8416943870E-04  0.3361  0.5179  0.9903   20010101.0000   20010201.0000
 2001.1232  -4.8416936816E-04  1.0415  0.5353  1.1847   20010201.0000   20010301.0000
 2001.2026  -4.8416943808E-04  0.3423  0.4144  0.2098   20010301.0000   20010401.0000
 2001.2875  -4.8416946315E-04  0.0916  0.4571 -0.5304   20010401.0000   20010501.0000
 2001.3696  -4.8416942890E-04  0.4341  0.3718 -0.2416   20010501.0000   20010601.0000
 2001.4545  -4.8416948431E-04 -0.1200  0.3756 -0.5650   20010601.0000   20010701.0000
 2001.5367  -4.8416957948E-04 -1.0717  0.3563 -0.6011   20010701.0000   20010801.0000
 2001.6215  -4.8416970697E-04 -2.3466  0.3539 -1.1854   20010801.0000   20010901.0000
 2001.7064  -4.8416965874E-04 -1.8643  0.4119 -0.8621   20010901.0000   20011001.0000
 2001.7885  -4.8416960638E-04 -1.3407  0.3964 -0.7353   20011001.0000   20011101.0000
 2001.8734  -4.8416956794E-04 -0.9563  0.4242 -0.3809   20011101.0000   20011201.0000
 2001.9555  -4.8416936793E-04  1.0438  0.4004  0.9045   20011201.0000   20020101.0000
 2002.0411  -4.8416940599E-04  0.6632  0.3812  0.6149   20020101.0000   20020201.0000
 2002.1232  -4.8416944863E-04  0.2368  0.3472 -0.1101   20020201.0000   20020301.0000
 2002.2026  -4.8416934888E-04  1.2343  0.3287  0.6143   20020301.0000   20020401.0000
 2002.2875  -4.8416931415E-04  1.5816  0.4158  0.4632   20020401.0000   20020501.0000
 2002.3696  -4.8416931009E-04  1.6222  0.3507  0.8046   20020501.0000   20020601.0000
 2002.4545  -4.8416945322E-04  0.1909  0.3814 -0.2643   20020601.0000   20020701.0000
 2002.5367  -4.8416961583E-04 -1.4352  0.3805 -0.6197   20020701.0000   20020801.0000
 2002.6215  -4.8416967194E-04 -1.9963  0.3626 -0.8447   20020801.0000   20020901.0000
 2002.7064  -4.8416958518E-04 -1.1287  0.4185 -0.3419   20020901.0000   20021001.0000
 2002.7885  -4.8416946299E-04  0.0932  0.3640  0.6775   20021001.0000   20021101.0000
 2002.8734  -4.8416948894E-04 -0.1663  0.4036  0.1828   20021101.0000   20021201.0000
 2002.9555  -4.8416939436E-04  0.7795  0.4227  0.3629   20021201.0000   20030101.0000
 2003.0411  -4.8416936284E-04  1.0947  0.4098  0.6770   20030101.0000   20030201.0000
 2003.1232  -4.8416931723E-04  1.5508  0.3611  1.1802   20030201.0000   20030301.0000
 2003.2026  -4.8416932159E-04  1.5072  0.3203  0.6162   20030301.0000   20030401.0000
 2003.2875  -4.8416939472E-04  0.7759  0.4052 -0.0079   20030401.0000   20030501.0000
 2003.3696  -4.8416943511E-04  0.3720  0.3632 -0.4106   20030501.0000   20030601.0000
 2003.4545  -4.8416938300E-04  0.8931  0.3356  0.3396   20030601.0000   20030701.0000
 2003.5367  -4.8416962715E-04 -1.5484  0.3752 -0.7533   20030701.0000   20030801.0000
 2003.6215  -4.8416966996E-04 -1.9765  0.3099 -0.7281   20030801.0000   20030901.0000
 2003.7064  -4.8416957685E-04 -1.0454  0.3323 -0.3452   20030901.0000   20031001.0000
 2003.7885  -4.8416960656E-04 -1.3425  0.3750 -0.4754   20031001.0000   20031101.0000
 2003.8734  -4.8416946169E-04  0.1062  0.4141  0.4276   20031101.0000   20031201.0000
 2003.9555  -4.8416939157E-04  0.8074  0.3781  0.7051   20031201.0000   20040101.0000
 2004.0411  -4.8416935796E-04  1.1435  0.3740  1.0177   20040101.0000   20040201.0000
 2004.1232  -4.8416933463E-04  1.3768  0.3773  1.0100   20040201.0000   20040301.0000
 2004.2054  -4.8416939685E-04  0.7546  0.3875  0.2171   20040301.0000   20040401.0000
 2004.2902  -4.8416940758E-04  0.6473  0.4529  0.0917   20040401.0000   20040501.0000
 2004.3724  -4.8416943714E-04  0.3517  0.3821 -0.4559   20040501.0000   20040601.0000
 2004.4573  -4.8416953435E-04 -0.6204  0.4471 -1.0611   20040601.0000   20040701.0000
 2004.5394  -4.8416961224E-04 -1.3993  0.4536 -0.8993   20040701.0000   20040801.0000
 2004.6243  -4.8416958539E-04 -1.1308  0.3533 -0.3610   20040801.0000   20040901.0000
 2004.7091  -4.8416959018E-04 -1.1787  0.4227 -0.6797   20040901.0000   20041001.0000
 2004.7913  -4.8416952855E-04 -0.5624  0.4213 -0.5893   20041001.0000   20041101.0000
 2004.8761  -4.8416949908E-04 -0.2677  0.4038 -0.0946   20041101.0000   20041201.0000
 2004.9583  -4.8416930200E-04  1.7031  0.4450  1.0260   20041201.0000   20050101.0000
 2005.0411  -4.8416929145E-04  1.8086  0.3401  1.3850   20050101.0000   20050201.0000
 2005.1232  -4.8416929494E-04  1.7737  0.4453  0.9710   20050201.0000   20050301.0000
 2005.2026  -4.8416929783E-04  1.7448  0.4405  0.3862   20050301.0000   20050401.0000
 2005.2875  -4.8416935061E-04  1.2170  0.3792 -0.1959   20050401.0000   20050501.0000
 2005.3696  -4.8416936216E-04  1.1015  0.3540 -0.0951   20050501.0000   20050601.0000
 2005.4545  -4.8416934743E-04  1.2488  0.3596  0.2970   20050601.0000   20050701.0000
 2005.5367  -4.8416958850E-04 -1.1619  0.3435 -1.1018   20050701.0000   20050801.0000
 2005.6215  -4.8416958812E-04 -1.1581  0.3457 -0.8218   20050801.0000   20050901.0000
 2005.7064  -4.8416958363E-04 -1.1132  0.3716 -0.5537   20050901.0000   20051001.0000
 2005.7885  -4.8416952566E-04 -0.5335  0.3516 -0.2912   20051001.0000   20051101.0000
 2005.8734  -4.8416946209E-04  0.1022  0.4136  0.3573   20051101.0000   20051201.0000
 2005.9555  -4.8416923725E-04  2.3506  0.3955  2.1204   20051201.0000   20060101.0000
 2006.0411  -4.8416930090E-04  1.7141  0.3753  1.4761   20060101.0000   20060201.0000
 2006.1232  -4.8416931145E-04  1.6086  0.4097  1.0997   20060201.0000   20060301.0000
 2006.2026  -4.8416934971E-04  1.2260  0.4117  0.6160   20060301.0000   20060401.0000
 2006.2875  -4.8416936758E-04  1.0473  0.3941  0.5058   20060401.0000   20060501.0000
 2006.3696  -4.8416946485E-04  0.0746  0.3608 -0.6649   20060501.0000   20060601.0000
 2006.4545  -4.8416944766E-04  0.2465  0.3155 -0.6021   20060601.0000   20060701.0000
 2006.5367  -4.8416961812E-04 -1.4581  0.2972 -1.0210   20060701.0000   20060801.0000
 2006.6215  -4.8416952398E-04 -0.5167  0.3154 -0.1125   20060801.0000   20060901.0000
 2006.7064  -4.8416957196E-04 -0.9965  0.3297 -0.5455   20060901.0000   20061001.0000
 2006.7885  -4.8416956883E-04 -0.9652  0.3248 -0.7232   20061001.0000   20061101.0000
 2006.8734  -4.8416937911E-04  0.9320  0.3569  0.5748   20061101.0000   20061201.0000
 2006.9555  -4.8416938942E-04  0.8289  0.3519  0.0672   20061201.0000   20070101.0000
 2007.0411  -4.8416941255E-04  0.5976  0.3527  0.6267   20070101.0000   20070201.0000
 2007.1232  -4.8416929241E-04  1.7990  0.4183  0.8772   20070201.0000   20070301.0000
 2007.2026  -4.8416926629E-04  2.0602  0.3166  1.0309   20070301.0000   20070401.0000
 2007.2875  -4.8416935806E-04  1.1425  0.3441  0.4575   20070401.0000   20070501.0000
 2007.3696  -4.8416938678E-04  0.8553  0.3169 -0.0297   20070501.0000   20070601.0000
 2007.4545  -4.8416937006E-04  1.0225  0.3273  0.3939   20070601.0000   20070701.0000
 2007.5367  -4.8416949950E-04 -0.2719  0.3486  0.1823   20070701.0000   20070801.0000
 2007.6215  -4.8416961152E-04 -1.3921  0.3193 -0.7042   20070801.0000   20070901.0000
 2007.7064  -4.8416959225E-04 -1.1994  0.3518 -0.7040   20070901.0000   20071001.0000
 2007.7885  -4.8416954574E-04 -0.7343  0.3506 -0.0261   20071001.0000   20071101.0000
 2007.8734  -4.8416949890E-04 -0.2659  0.3826  0.4128   20071101.0000   20071201.0000
 2007.9555  -4.8416940621E-04  0.6610  0.4096  0.6674   20071201.0000   20080101.0000
 2008.0411  -4.8416941178E-04  0.6053  0.4069  0.8103   20080101.0000   20080201.0000
 2008.1232  -4.8416941121E-04  0.6110  0.3357  0.5070   20080201.0000   20080301.0000
 2008.2054  -4.8416940167E-04  0.7064  0.3514  0.0807   20080301.0000   20080401.0000
 2008.2902  -4.8416931257E-04  1.5974  0.3770  0.7153   20080401.0000   20080501.0000
 2008.3724  -4.8416937740E-04  0.9491  0.3453  0.3363   20080501.0000   20080601.0000
 2008.4573  -4.8416953082E-04 -0.5851  0.3681 -0.9147   20080601.0000   20080701.0000
 2008.5394  -4.8416963410E-04 -1.6179  0.3417 -0.9445   20080701.0000   20080801.0000
 2008.6243  -4.8416965884E-04 -1.8653  0.3077 -0.6870   20080801.0000   20080901.0000
 2008.7091  -4.8416961747E-04 -1.4516  0.3631 -0.9023   20080901.0000   20081001.0000
 2008.7913  -4.8416965293E-04 -1.8062  0.3294 -1.3594   20081001.0000   20081101.0000
 2008.8761  -4.8416952900E-04 -0.5669  0.3821 -0.0839   20081101.0000   20081201.0000
 2008.9583  -4.8416944255E-04  0.2976  0.3842  0.6930   20081201.0000   20090101.0000
 2009.0411  -4.8416940048E-04  0.7183  0.3571  0.7448   20090101.0000   20090201.0000
 2009.1232  -4.8416935094E-04  1.2137  0.3702  1.0361   20090201.0000   20090301.0000
 2009.2026  -4.8416941036E-04  0.6195  0.3426  0.4982   20090301.0000   20090401.0000
 2009.2875  -4.8416943238E-04  0.3993  0.3651  0.1266   20090401.0000   20090501.0000
 2009.3696  -4.8416941781E-04  0.5450  0.3671  0.3258   20090501.0000   20090601.0000
 2009.4545  -4.8416939812E-04  0.7419  0.4688  0.4447   20090601.0000   20090701.0000
 2009.5367  -4.8416952812E-04 -0.5581  0.3563 -0.0456   20090701.0000   20090801.0000
 2009.6215  -4.8416958452E-04 -1.1221  0.3447 -0.3675   20090801.0000   20090901.0000
 2009.7064  -4.8416960744E-04 -1.3513  0.3550 -0.4844   20090901.0000   20091001.0000
 2009.7885  -4.8416950397E-04 -0.3166  0.3780  0.0249   20091001.0000   20091101.0000
 2009.8734  -4.8416942776E-04  0.4455  0.4214  0.8484   20091101.0000   20091201.0000
 2009.9555  -4.8416933189E-04  1.4042  0.4497  1.1477   20091201.0000   20100101.0000
 2010.0411  -4.8416927268E-04  1.9963  0.3671  1.7507   20100101.0000   20100201.0000
 2010.1232  -4.8416931274E-04  1.5957  0.3910  1.4931   20100201.0000   20100301.0000
 2010.2026  -4.8416939913E-04  0.7318  0.3654  0.2055   20100301.0000   20100401.0000
 2010.2875  -4.8416943688E-04  0.3543  0.4324  0.0604   20100401.0000   20100501.0000
 2010.3696  -4.8416941251E-04  0.5980  0.4211 -0.0868   20100501.0000   20100601.0000
 2010.4545  -4.8416956965E-04 -0.9734  0.4178 -1.3323   20100601.0000   20100701.0000
 2010.5367  -4.8416972861E-04 -2.5630  0.4003 -1.5275   20100701.0000   20100801.0000
 2010.6215  -4.8416972141E-04 -2.4910  0.3558 -1.2371   20100801.0000   20100901.0000
 2010.7064  -4.8416963666E-04 -1.6435  0.3611 -0.4569   20100901.0000   20101001.0000
 2010.7885  -4.8416968253E-04 -2.1022  0.3805 -0.8329   20101001.0000   20101101.0000
 2010.8734  -4.8416956901E-04 -0.9670  0.3857 -0.2978   20101101.0000   20101201.0000
 2010.9555  -4.8416929610E-04  1.7621  0.4534  1.6019   20101201.0000   20110101.0000
 2011.0411  -4.8416932280E-04  1.4951  0.3847  1.7057   20110101.0000   20110201.0000
 2011.1232  -4.8416936746E-04  1.0485  0.4436  0.7870   20110201.0000   20110301.0000
 2011.2026  -4.8416943186E-04  0.4045  0.3401  0.4068   20110301.0000   20110401.0000
 2011.2875  -4.8416945210E-04  0.2021  0.4161  0.2325   20110401.0000   20110501.0000
 2011.3696  -4.8416950967E-04 -0.3736  0.3308 -0.4398   20110501.0000   20110601.0000
 2011.4545  -4.8416952893E-04 -0.5662  0.3515 -0.6351   20110601.0000   20110701.0000
 2011.5367  -4.8416959997E-04 -1.2766  0.3574 -0.1470   20110701.0000   20110801.0000
 2011.6215  -4.8416961794E-04 -1.4563  0.3308 -0.4781   20110801.0000   20110901.0000
 2011.7064  -4.8416962816E-04 -1.5585  0.3261 -0.5852   20110901.0000   20111001.0000
 2011.7885  -4.8416965744E-04 -1.8513  0.3505 -0.6287   20111001.0000   20111101.0000
 2011.8734  -4.8416950313E-04 -0.3082  0.3914  0.5187   20111101.0000   20111201.0000
 2011.9555  -4.8416953781E-04 -0.6550  0.4556 -0.0013   20111201.0000   20120101.0000
 2012.0411  -4.8416947533E-04 -0.0302  0.3509  1.0724   20120101.0000   20120201.0000
 2012.1232  -4.8416941848E-04  0.5383  0.3709  1.3618   20120201.0000   20120301.0000
 2012.2054  -4.8416948595E-04 -0.1364  0.3298  0.4158   20120301.0000   20120401.0000
 2012.2902  -4.8416953794E-04 -0.6563  0.3820 -0.3369   20120401.0000   20120501.0000
 2012.3724  -4.8416949602E-04 -0.2371  0.3192 -0.2464   20120501.0000   20120601.0000
 2012.4573  -4.8416953825E-04 -0.6594  0.3759  0.0126   20120601.0000   20120701.0000
 2012.5394  -4.8416975481E-04 -2.8250  0.3170 -0.8960   20120701.0000   20120801.0000
 2012.6243  -4.8416973887E-04 -2.6656  0.3202 -0.9870   20120801.0000   20120901.0000
 2012.7091  -4.8416971745E-04 -2.4514  0.3724 -1.0394   20120901.0000   20121001.0000
 2012.7913  -4.8416956575E-04 -0.9344  0.3487  0.1712   20121001.0000   20121101.0000
 2012.8761  -4.8416950051E-04 -0.2820  0.4408  0.5031   20121101.0000   20121201.0000
 2012.9583  -4.8416942926E-04  0.4305  0.4978  1.3850   20121201.0000   20130101.0000
 2013.0411  -4.8416945537E-04  0.1694  0.3986  0.9796   20130101.0000   20130201.0000
 2013.1232  -4.8416948679E-04 -0.1448  0.4019  0.6611   20130201.0000   20130301.0000
 2013.2026  -4.8416947629E-04 -0.0398  0.3947  0.3943   20130301.0000   20130401.0000
 2013.2875  -4.8416948343E-04 -0.1112  0.3673 -0.0463   20130401.0000   20130501.0000
 2013.3696  -4.8416952225E-04 -0.4994  0.3664 -0.3609   20130501.0000   20130601.0000
 2013.4545  -4.8416950500E-04 -0.3269  0.3634  0.0676   20130601.0000   20130701.0000
 2013.5367  -4.8416969647E-04 -2.2416  0.3850 -0.5258   20130701.0000   20130801.0000
 2013.6215  -4.8416966282E-04 -1.9051  0.3792  0.0092   20130801.0000   20130901.0000
 2013.7064  -4.8416962556E-04 -1.5325  0.3580  0.0478   20130901.0000   20131001.0000
 2013.7885  -4.8416967419E-04 -2.0188  0.3672 -0.4995   20131001.0000   20131101.0000
 2013.8734  -4.8416957114E-04 -0.9883  0.4092  0.3817   20131101.0000   20131201.0000
 2013.9555  -4.8416940506E-04  0.6725  0.3873  1.1814   20131201.0000   20140101.0000
 2014.0411  -4.8416944492E-04  0.2739  0.3601  1.0393   20140101.0000   20140201.0000
 2014.1232  -4.8416940192E-04  0.7039  0.3858  1.2256   20140201.0000   20140301.0000
 2014.2026  -4.8416949982E-04 -0.2751  0.3426  0.2540   20140301.0000   20140401.0000
 2014.2875  -4.8416951105E-04 -0.3874  0.3634 -0.0655   20140401.0000   20140501.0000
 2014.3696  -4.8416946884E-04  0.0347  0.3614  0.3178   20140501.0000   20140601.0000
 2014.4545  -4.8416958726E-04 -1.1495  0.3263 -0.3784   20140601.0000   20140701.0000
 2014.5367  -4.8416969719E-04 -2.2488  0.3257 -0.8889   20140701.0000   20140801.0000
 2014.6215  -4.8416971124E-04 -2.3893  0.3329 -0.7144   20140801.0000   20140901.0000
 2014.7064  -4.8416966750E-04 -1.9519  0.3887 -0.0518   20140901.0000   20141001.0000
 2014.7885  -4.8416966062E-04 -1.8831  0.3649 -0.2461   20141001.0000   20141101.0000
 2014.8734  -4.8416948396E-04 -0.1165  0.3725  0.7590   20141101.0000   20141201.0000
 2014.9555  -4.8416956965E-04 -0.9734  0.3841  0.3945   20141201.0000   20150101.0000
 2015.0411  -4.8416955370E-04 -0.8139  0.4193  0.5801   20150101.0000   20150201.0000
 2015.1232  -4.8416949501E-04 -0.2270  0.5009  0.4782   20150201.0000   20150301.0000
 2015.2026  -4.8416950448E-04 -0.3217  0.3544  0.2576   20150301.0000   20150401.0000
