#  Description for UT/CSR monthly C21/S21 RL-05 time series from SLR
#
#  Column 1: Approximate mid-point of monthly solution (years)
#  Column 2: C21 from SLR (normalized)
#  Column 3: S21 from SLR (normalized)
#  Column 4: Solution sigma for C21 (1E-10)
#  Column 5: Solution sigma for S21 (1E-10)
#  Column 6: Mean value of Atmosphere-Ocean De-aliasing model for C21 (1E-10)
#  Column 7: Mean value of Atmosphere-Ocean De-aliasing model for S21 (1E-10)
#  Columns 8-9: Start and end dates of data used in solution (YearMonthDay.Seconds)
#
#  The RL-05 background gravity model includes solid earth and ocean tides, solid 
#  earth and ocean pole tides, and the Atmosphere-Ocean De-aliasing (AOD1B) product. 
#  However, the monthly mean of the AOD model has been restored.
# 
 2001.0411 -2.2265E-10  1.49399E-09  0.6442  0.5783  0.2681  0.6202   20010101.0000   20010201.0000
 2001.1232 -2.6586E-10  1.40551E-09  0.5684  0.5531 -0.0451  0.2408   20010201.0000   20010301.0000
 2001.2026 -2.1097E-10  1.38015E-09  0.5505  0.4897 -0.2145 -0.3100   20010301.0000   20010401.0000
 2001.2875 -2.4477E-10  1.40921E-09  0.5742  0.5488 -0.1211 -0.1459   20010401.0000   20010501.0000
 2001.3696 -2.9027E-10  1.28772E-09  0.4698  0.4188 -0.0997 -0.7424   20010501.0000   20010601.0000
 2001.4545 -2.8658E-10  1.29328E-09  0.4474  0.4326 -0.1819 -1.0902   20010601.0000   20010701.0000
 2001.5367 -2.7905E-10  1.27345E-09  0.3823  0.3923 -0.1318 -0.7605   20010701.0000   20010801.0000
 2001.6215 -3.2968E-10  1.36496E-09  0.4130  0.4074 -0.3348 -0.4995   20010801.0000   20010901.0000
 2001.7064 -3.1669E-10  1.43912E-09  0.4849  0.4376  0.1203  0.2052   20010901.0000   20011001.0000
 2001.7885 -3.4200E-10  1.46529E-09  0.5122  0.4297 -0.1146  0.3800   20011001.0000   20011101.0000
 2001.8734 -2.4623E-10  1.39307E-09  0.4978  0.4760  0.1957  0.1182   20011101.0000   20011201.0000
 2001.9555 -2.9138E-10  1.52524E-09  0.5680  0.5103  0.0763  1.0511   20011201.0000   20020101.0000
 2002.0411 -3.0408E-10  1.50970E-09  0.5231  0.4846  0.2220  0.1968   20020101.0000   20020201.0000
 2002.1232 -2.9284E-10  1.38316E-09  0.4441  0.4306 -0.1003  0.2377   20020201.0000   20020301.0000
 2002.2026 -2.3020E-10  1.34509E-09  0.4149  0.4080 -0.0400 -0.5104   20020301.0000   20020401.0000
 2002.2875 -2.1778E-10  1.35629E-09  0.4521  0.4121 -0.0005 -0.2293   20020401.0000   20020501.0000
 2002.3696 -2.3492E-10  1.41729E-09  0.4528  0.4116  0.0884 -0.1698   20020501.0000   20020601.0000
 2002.4545 -2.3192E-10  1.38389E-09  0.4412  0.4027  0.0412 -0.4678   20020601.0000   20020701.0000
 2002.5367 -3.0738E-10  1.36840E-09  0.4827  0.4476 -0.0013 -0.2521   20020701.0000   20020801.0000
 2002.6215 -3.5371E-10  1.38346E-09  0.4695  0.4254 -0.3050 -0.4945   20020801.0000   20020901.0000
 2002.7064 -2.9340E-10  1.43527E-09  0.4742  0.4470  0.2091  0.4278   20020901.0000   20021001.0000
 2002.7885 -2.8691E-10  1.48142E-09  0.4521  0.4134  0.0037  0.4330   20021001.0000   20021101.0000
 2002.8734 -2.7781E-10  1.53767E-09  0.4666  0.4050  0.1786  0.7580   20021101.0000   20021201.0000
 2002.9555 -2.8855E-10  1.58384E-09  0.6272  0.5270  0.2866  1.0342   20021201.0000   20030101.0000
 2003.0411 -2.9472E-10  1.48260E-09  0.5045  0.4517  0.1607  0.3470   20030101.0000   20030201.0000
 2003.1232 -3.0785E-10  1.48210E-09  0.4494  0.4073  0.1602  0.4100   20030201.0000   20030301.0000
 2003.2026 -2.8167E-10  1.44516E-09  0.4015  0.3544  0.1508  0.6022   20030301.0000   20030401.0000
 2003.2875 -3.0966E-10  1.39100E-09  0.4716  0.4485  0.1131  0.1038   20030401.0000   20030501.0000
 2003.3696 -2.6810E-10  1.39781E-09  0.4165  0.4115  0.0408  0.0151   20030501.0000   20030601.0000
 2003.4545 -3.0920E-10  1.32103E-09  0.4102  0.3512 -0.0145 -1.0196   20030601.0000   20030701.0000
 2003.5367 -3.5537E-10  1.34989E-09  0.4392  0.3882 -0.1893 -0.7937   20030701.0000   20030801.0000
 2003.6215 -2.8548E-10  1.38052E-09  0.3711  0.3519 -0.1924 -0.4897   20030801.0000   20030901.0000
 2003.7064 -2.4873E-10  1.47752E-09  0.3952  0.3513 -0.0093  0.1171   20030901.0000   20031001.0000
 2003.7885 -3.2732E-10  1.54441E-09  0.4629  0.3605 -0.2154  0.4972   20031001.0000   20031101.0000
 2003.8734 -2.4977E-10  1.56886E-09  0.5490  0.4703  0.1405  1.0760   20031101.0000   20031201.0000
 2003.9555 -2.2350E-10  1.50957E-09  0.4649  0.4158  0.3946  0.7845   20031201.0000   20040101.0000
 2004.0411 -3.0547E-10  1.42856E-09  0.4881  0.4282 -0.2272  0.1409   20040101.0000   20040201.0000
 2004.1232 -2.7289E-10  1.47993E-09  0.5297  0.4825  0.2125  0.4764   20040201.0000   20040301.0000
 2004.2054 -2.4616E-10  1.47860E-09  0.5473  0.5331  0.2532  0.2254   20040301.0000   20040401.0000
 2004.2902 -3.0964E-10  1.37872E-09  0.5496  0.5216  0.0423 -0.3106   20040401.0000   20040501.0000
 2004.3724 -2.8501E-10  1.42565E-09  0.4878  0.4489 -0.0211 -0.1215   20040501.0000   20040601.0000
 2004.4573 -2.8855E-10  1.31458E-09  0.5631  0.5694  0.0279 -0.4444   20040601.0000   20040701.0000
 2004.5394 -3.3007E-10  1.41402E-09  0.5942  0.5857 -0.0466 -0.7241   20040701.0000   20040801.0000
 2004.6243 -4.0486E-10  1.35536E-09  0.4791  0.4588 -0.3029 -0.6050   20040801.0000   20040901.0000
 2004.7091 -2.8676E-10  1.42639E-09  0.5270  0.5021  0.2210  0.1300   20040901.0000   20041001.0000
 2004.7913 -3.4724E-10  1.51693E-09  0.5481  0.5317  0.2819  0.8639   20041001.0000   20041101.0000
 2004.8761 -3.0243E-10  1.45754E-09  0.5135  0.5394  0.1389  0.3018   20041101.0000   20041201.0000
 2004.9583 -3.2080E-10  1.47600E-09  0.5407  0.5418  0.0096  0.7949   20041201.0000   20050101.0000
 2005.0411 -3.3475E-10  1.43512E-09  0.4793  0.4536  0.3818  0.6410   20050101.0000   20050201.0000
 2005.1232 -3.3466E-10  1.49255E-09  0.5452  0.5564  0.0056  0.7847   20050201.0000   20050301.0000
 2005.2026 -2.9907E-10  1.43490E-09  0.5410  0.5464 -0.1252  0.0430   20050301.0000   20050401.0000
 2005.2875 -3.6043E-10  1.42631E-09  0.4645  0.4485 -0.0588  0.0063   20050401.0000   20050501.0000
 2005.3696 -2.8392E-10  1.42172E-09  0.4009  0.4569  0.2442 -0.5009   20050501.0000   20050601.0000
 2005.4545 -3.2527E-10  1.35638E-09  0.4005  0.4570 -0.0605 -0.9104   20050601.0000   20050701.0000
 2005.5367 -3.5392E-10  1.36643E-09  0.4305  0.4373  0.0675 -0.5909   20050701.0000   20050801.0000
 2005.6215 -2.9017E-10  1.35810E-09  0.4199  0.4457 -0.0058 -0.6500   20050801.0000   20050901.0000
 2005.7064 -3.2136E-10  1.48394E-09  0.4042  0.4388  0.1376  0.4544   20050901.0000   20051001.0000
 2005.7885 -2.3172E-10  1.52230E-09  0.4034  0.4266  0.5837  0.8188   20051001.0000   20051101.0000
 2005.8734 -3.0638E-10  1.53990E-09  0.4992  0.4584  0.1918  1.0298   20051101.0000   20051201.0000
 2005.9555 -3.0093E-10  1.58743E-09  0.4782  0.4704  0.2589  1.4498   20051201.0000   20060101.0000
 2006.0411 -3.3879E-10  1.55842E-09  0.5064  0.4516  0.0782  1.2155   20060101.0000   20060201.0000
 2006.1232 -3.1920E-10  1.41280E-09  0.4996  0.4842 -0.0218  0.4969   20060201.0000   20060301.0000
 2006.2026 -3.5364E-10  1.36229E-09  0.4918  0.4798 -0.1700 -0.4036   20060301.0000   20060401.0000
 2006.2875 -3.8947E-10  1.41929E-09  0.4682  0.4269 -0.3553 -0.0820   20060401.0000   20060501.0000
 2006.3696 -3.4344E-10  1.37340E-09  0.3955  0.3884 -0.0847 -0.4420   20060501.0000   20060601.0000
 2006.4545 -3.6411E-10  1.29092E-09  0.3395  0.3507  0.0739 -1.0450   20060601.0000   20060701.0000
 2006.5367 -3.7846E-10  1.35561E-09  0.3346  0.3421 -0.0693 -0.6749   20060701.0000   20060801.0000
 2006.6215 -3.5509E-10  1.36731E-09  0.3607  0.3568 -0.1774 -0.5898   20060801.0000   20060901.0000
 2006.7064 -3.4888E-10  1.46338E-09  0.3601  0.3526  0.0584  0.1680   20060901.0000   20061001.0000
 2006.7885 -2.9283E-10  1.47930E-09  0.4032  0.3840  0.1380  0.2629   20061001.0000   20061101.0000
 2006.8734 -2.9277E-10  1.48964E-09  0.3845  0.3852  0.2523  0.3956   20061101.0000   20061201.0000
 2006.9555 -3.0439E-10  1.47231E-09  0.4165  0.4161  0.3637  0.3010   20061201.0000   20070101.0000
 2007.0411 -3.1827E-10  1.52091E-09  0.4287  0.4069  0.1556  0.6605   20070101.0000   20070201.0000
 2007.1232 -2.9189E-10  1.49656E-09  0.4760  0.4424  0.0908  0.1371   20070201.0000   20070301.0000
 2007.2026 -3.7400E-10  1.53278E-09  0.3819  0.3497 -0.0477  0.5235   20070301.0000   20070401.0000
 2007.2875 -3.5321E-10  1.48639E-09  0.3994  0.3654 -0.0589  0.0472   20070401.0000   20070501.0000
 2007.3696 -3.2454E-10  1.39345E-09  0.3722  0.3609  0.1187 -0.5689   20070501.0000   20070601.0000
 2007.4545 -3.4986E-10  1.29133E-09  0.4024  0.3622 -0.2275 -1.2612   20070601.0000   20070701.0000
 2007.5367 -3.7536E-10  1.37260E-09  0.3942  0.4034 -0.0040 -1.0032   20070701.0000   20070801.0000
 2007.6215 -3.2376E-10  1.44032E-09  0.3736  0.3639  0.1115 -0.5179   20070801.0000   20070901.0000
 2007.7064 -3.5166E-10  1.47789E-09  0.4202  0.3924  0.2522  0.1309   20070901.0000   20071001.0000
 2007.7885 -3.0254E-10  1.55299E-09  0.4071  0.3868  0.4025  0.7565   20071001.0000   20071101.0000
 2007.8734 -3.4441E-10  1.48476E-09  0.4768  0.4338  0.1481  0.6178   20071101.0000   20071201.0000
 2007.9555 -2.8901E-10  1.44021E-09  0.4939  0.4944  0.2931  0.4983   20071201.0000   20080101.0000
 2008.0411 -3.0221E-10  1.50041E-09  0.4877  0.4330  0.3734  1.2414   20080101.0000   20080201.0000
 2008.1232 -3.4539E-10  1.47126E-09  0.4445  0.4313  0.3080  0.6840   20080201.0000   20080301.0000
 2008.2054 -4.3245E-10  1.37362E-09  0.4332  0.4283 -0.6399 -0.2930   20080301.0000   20080401.0000
 2008.2902 -3.9376E-10  1.36069E-09  0.4476  0.4039 -0.1638 -0.4429   20080401.0000   20080501.0000
 2008.3724 -4.0162E-10  1.34516E-09  0.4167  0.4032 -0.3436 -0.6761   20080501.0000   20080601.0000
 2008.4573 -4.0192E-10  1.35432E-09  0.4921  0.4236 -0.1563 -0.8223   20080601.0000   20080701.0000
 2008.5394 -4.0049E-10  1.29301E-09  0.4279  0.4062 -0.3052 -1.2854   20080701.0000   20080801.0000
 2008.6243 -4.2382E-10  1.35725E-09  0.3690  0.3876 -0.0932 -0.9065   20080801.0000   20080901.0000
 2008.7091 -3.9422E-10  1.42411E-09  0.3912  0.3895  0.2691 -0.0507   20080901.0000   20081001.0000
 2008.7913 -3.6846E-10  1.44239E-09  0.4158  0.3973  0.2669  0.4608   20081001.0000   20081101.0000
 2008.8761 -4.0167E-10  1.44925E-09  0.4396  0.4125  0.0053  0.3126   20081101.0000   20081201.0000
 2008.9583 -3.4288E-10  1.50681E-09  0.4750  0.4410  0.2904  0.8931   20081201.0000   20090101.0000
 2009.0411 -3.9090E-10  1.49091E-09  0.4418  0.3830 -0.1538  0.9261   20090101.0000   20090201.0000
 2009.1232 -4.0975E-10  1.39688E-09  0.4475  0.3963 -0.1384  0.1672   20090201.0000   20090301.0000
 2009.2026 -4.4571E-10  1.36702E-09  0.4148  0.3755 -0.3302 -0.1362   20090301.0000   20090401.0000
 2009.2875 -3.8624E-10  1.36465E-09  0.4424  0.3882 -0.2037 -0.2780   20090401.0000   20090501.0000
 2009.3696 -4.1504E-10  1.32560E-09  0.4224  0.4142 -0.2224 -0.7697   20090501.0000   20090601.0000
 2009.4545 -3.2436E-10  1.30316E-09  0.4751  0.4598 -0.0432 -0.7844   20090601.0000   20090701.0000
 2009.5367 -4.2086E-10  1.29791E-09  0.4065  0.3855 -0.1540 -0.9480   20090701.0000   20090801.0000
 2009.6215 -4.4154E-10  1.35923E-09  0.3935  0.3727 -0.0876 -0.4075   20090801.0000   20090901.0000
 2009.7064 -4.1815E-10  1.45211E-09  0.4150  0.3885  0.2166  0.2245   20090901.0000   20091001.0000
 2009.7885 -4.2297E-10  1.41277E-09  0.4614  0.4471  0.0523  0.3279   20091001.0000   20091101.0000
 2009.8734 -4.6699E-10  1.47715E-09  0.4704  0.4468 -0.0171  0.7777   20091101.0000   20091201.0000
 2009.9555 -4.5226E-10  1.47322E-09  0.4856  0.4936  0.0759  0.6538   20091201.0000   20100101.0000
 2010.0411 -3.4045E-10  1.58370E-09  0.4822  0.4460  0.5081  0.9674   20100101.0000   20100201.0000
 2010.1232 -4.6915E-10  1.47882E-09  0.5009  0.4701  0.0862  0.5699   20100201.0000   20100301.0000
 2010.2026 -3.6664E-10  1.44360E-09  0.4514  0.4544  0.0086  0.2655   20100301.0000   20100401.0000
 2010.2875 -4.0890E-10  1.51999E-09  0.4906  0.5186  0.0581  0.5012   20100401.0000   20100501.0000
 2010.3696 -4.2402E-10  1.36515E-09  0.5721  0.5952 -0.1608 -0.5532   20100501.0000   20100601.0000
 2010.4545 -3.5197E-10  1.33901E-09  0.5647  0.5336  0.1427 -0.8802   20100601.0000   20100701.0000
 2010.5367 -4.2302E-10  1.34555E-09  0.5101  0.5102  0.2381 -0.6201   20100701.0000   20100801.0000
 2010.6215 -4.2261E-10  1.32065E-09  0.4752  0.4824 -0.0912 -0.5746   20100801.0000   20100901.0000
 2010.7064 -4.1761E-10  1.36047E-09  0.3800  0.3954  0.1345 -0.1128   20100901.0000   20101001.0000
 2010.7885 -4.3010E-10  1.44997E-09  0.4235  0.4294 -0.0821  0.3646   20101001.0000   20101101.0000
 2010.8734 -4.1932E-10  1.43059E-09  0.4626  0.4147 -0.0178  0.1806   20101101.0000   20101201.0000
 2010.9555 -4.1823E-10  1.42205E-09  0.5735  0.5420  0.0886  0.3751   20101201.0000   20110101.0000
 2011.0411 -4.4826E-10  1.48750E-09  0.5257  0.4685  0.1959  1.1123   20110101.0000   20110201.0000
 2011.1232 -4.9026E-10  1.41817E-09  0.5705  0.5298 -0.1738  0.1616   20110201.0000   20110301.0000
 2011.2026 -4.5873E-10  1.38280E-09  0.4381  0.4467 -0.0084  0.1014   20110301.0000   20110401.0000
 2011.2875 -4.8624E-10  1.36301E-09  0.5287  0.5356 -0.1741  0.2236   20110401.0000   20110501.0000
 2011.3696 -5.0163E-10  1.31420E-09  0.4101  0.4027 -0.1531 -0.4564   20110501.0000   20110601.0000
 2011.4545 -4.9116E-10  1.24808E-09  0.4177  0.4076 -0.0896 -1.0002   20110601.0000   20110701.0000
 2011.5367 -5.2163E-10  1.25696E-09  0.4192  0.3933 -0.0846 -0.6744   20110701.0000   20110801.0000
 2011.6215 -4.6670E-10  1.32940E-09  0.3650  0.3542  0.0710 -0.5070   20110801.0000   20110901.0000
 2011.7064 -4.4095E-10  1.41837E-09  0.3666  0.3600  0.1148  0.1908   20110901.0000   20111001.0000
 2011.7885 -4.7773E-10  1.41836E-09  0.4151  0.4204  0.2863  0.4028   20111001.0000   20111101.0000
 2011.8734 -5.0007E-10  1.49306E-09  0.4604  0.4890  0.2048  0.7000   20111101.0000   20111201.0000
 2011.9555 -4.5746E-10  1.48059E-09  0.5726  0.5570 -0.0121  1.0511   20111201.0000   20120101.0000
 2012.0411 -4.5562E-10  1.50097E-09  0.5144  0.4625  0.4531  1.3614   20120101.0000   20120201.0000
 2012.1232 -4.3823E-10  1.44466E-09  0.5291  0.4933  0.4324  0.5798   20120201.0000   20120301.0000
 2012.2054 -4.5200E-10  1.40068E-09  0.4389  0.4221  0.0036  0.4541   20120301.0000   20120401.0000
 2012.2902 -5.5895E-10  1.32959E-09  0.4428  0.4158 -0.2558 -0.3833   20120401.0000   20120501.0000
 2012.3724 -4.7668E-10  1.31787E-09  0.4008  0.3655 -0.0442 -0.6000   20120501.0000   20120601.0000
 2012.4573 -5.0194E-10  1.29400E-09  0.4348  0.4342 -0.0087 -0.7362   20120601.0000   20120701.0000
 2012.5394 -5.7253E-10  1.27344E-09  0.3796  0.3774 -0.1380 -0.9422   20120701.0000   20120801.0000
 2012.6243 -4.6612E-10  1.35762E-09  0.4101  0.4148 -0.0457 -0.7109   20120801.0000   20120901.0000
 2012.7091 -5.0589E-10  1.44852E-09  0.4481  0.4089 -0.0180  0.3479   20120901.0000   20121001.0000
 2012.7913 -5.4992E-10  1.47037E-09  0.4360  0.4096  0.0384  0.4955   20121001.0000   20121101.0000
 2012.8761 -5.2553E-10  1.45915E-09  0.5068  0.4532 -0.0225  0.4807   20121101.0000   20121201.0000
 2012.9583 -4.0261E-10  1.50802E-09  0.7111  0.5951  0.5576  1.2008   20121201.0000   20130101.0000
 2013.0411 -4.9662E-10  1.50492E-09  0.5476  0.5164 -0.1492  0.7109   20130101.0000   20130201.0000
 2013.1232 -4.5951E-10  1.50599E-09  0.5133  0.4706  0.1070  0.7481   20130201.0000   20130301.0000
 2013.2026 -4.9442E-10  1.38989E-09  0.4791  0.4621 -0.4119 -0.1059   20130301.0000   20130401.0000
 2013.2875 -5.1387E-10  1.42146E-09  0.4574  0.4374 -0.0086 -0.1526   20130401.0000   20130501.0000
 2013.3696 -5.1732E-10  1.37776E-09  0.4258  0.4150 -0.0421 -0.5642   20130501.0000   20130601.0000
 2013.4545 -4.8306E-10  1.31022E-09  0.4459  0.4489 -0.0631 -0.7779   20130601.0000   20130701.0000
 2013.5367 -6.2118E-10  1.27321E-09  0.5378  0.4622  0.0091 -1.1433   20130701.0000   20130801.0000
 2013.6215 -4.6602E-10  1.41883E-09  0.4265  0.4277  0.0567 -0.4751   20130801.0000   20130901.0000
 2013.7064 -4.6959E-10  1.46420E-09  0.4045  0.4159  0.2196  0.2221   20130901.0000   20131001.0000
 2013.7885 -4.6570E-10  1.52519E-09  0.4404  0.4601  0.0943  0.5793   20131001.0000   20131101.0000
 2013.8734 -5.1533E-10  1.43358E-09  0.4940  0.5030 -0.0062  0.1242   20131101.0000   20131201.0000
 2013.9555 -5.1135E-10  1.45070E-09  0.5389  0.5118  0.1547  0.5067   20131201.0000   20140101.0000
 2014.0411 -4.8117E-10  1.55008E-09  0.4866  0.4377  0.2071  0.9665   20140101.0000   20140201.0000
 2014.1232 -5.4408E-10  1.55794E-09  0.5399  0.4696  0.0227  0.9968   20140201.0000   20140301.0000
 2014.2026 -5.6318E-10  1.41045E-09  0.4534  0.4477 -0.0300  0.3431   20140301.0000   20140401.0000
 2014.2875 -5.8488E-10  1.46859E-09  0.4747  0.4530 -0.1548  0.1232   20140401.0000   20140501.0000
 2014.3696 -5.3004E-10  1.38541E-09  0.4110  0.4212  0.1377 -0.5932   20140501.0000   20140601.0000
 2014.4545 -5.5920E-10  1.36948E-09  0.3874  0.3776  0.1541 -0.7150   20140601.0000   20140701.0000
 2014.5367 -5.6617E-10  1.37365E-09  0.4178  0.3912 -0.1088 -0.5839   20140701.0000   20140801.0000
 2014.6215 -5.8624E-10  1.37423E-09  0.4003  0.3959 -0.1108 -0.5124   20140801.0000   20140901.0000
 2014.7064 -5.3427E-10  1.47436E-09  0.4480  0.4222  0.3461  0.2231   20140901.0000   20141001.0000
 2014.7885 -5.4074E-10  1.56956E-09  0.4477  0.4078  0.3380  0.9138   20141001.0000   20141101.0000
 2014.8734 -5.5159E-10  1.53433E-09  0.5269  0.4784  0.2477  0.6608   20141101.0000   20141201.0000
 2014.9555 -4.7409E-10  1.50475E-09  0.5560  0.5036  0.4087  0.8562   20141201.0000   20150101.0000
 2015.0411 -4.9679E-10  1.50279E-09  0.6102  0.5528  0.2557  0.6762   20150101.0000   20150201.0000
 2015.1232 -5.6506E-10  1.46684E-09  0.6946  0.6127 -0.0616  0.3127   20150201.0000   20150301.0000
 2015.2026 -4.8060E-10  1.48342E-09  0.4918  0.4699  0.1387  0.4067   20150301.0000   20150401.0000
