#  Description for UT/CSR monthly C22/S22 RL-05 time series from SLR
#
#  Column 1: Approximate mid-point of monthly solution (years)
#  Column 2: C22 from SLR (normalized)
#  Column 3: S22 from SLR (normalized)
#  Column 4: Solution sigma for C22 (1E-10)
#  Column 5: Solution sigma for S22 (1E-10)
#  Column 6: Mean value of Atmosphere-Ocean De-aliasing model for C22 (1E-10)
#  Column 7: Mean value of Atmosphere-Ocean De-aliasing model for S22 (1E-10)
#  Columns 8-9: Start and end dates of data used in solution (YearMonthDay.Seconds)
#
#  The RL-05 background gravity model includes solid earth and ocean tides, solid 
#  earth and ocean pole tides, and the Atmosphere-Ocean De-aliasing (AOD1B) product. 
#  However, the monthly mean of the AOD model has been restored.
#
 2001.0411  2.43936578E-06 -1.40025882E-06  0.5635  0.5744  0.2681  0.6202   20010101.0000   20010201.0000
 2001.1232  2.43935968E-06 -1.40033495E-06  0.5380  0.5673 -0.0451  0.2408   20010201.0000   20010301.0000
 2001.2026  2.43928077E-06 -1.40033865E-06  0.5412  0.5648 -0.2145 -0.3100   20010301.0000   20010401.0000
 2001.2875  2.43927855E-06 -1.40031478E-06  0.5927  0.5582 -0.1211 -0.1459   20010401.0000   20010501.0000
 2001.3696  2.43927757E-06 -1.40043173E-06  0.4101  0.4295 -0.0997 -0.7424   20010501.0000   20010601.0000
 2001.4545  2.43924333E-06 -1.40045321E-06  0.4278  0.4113 -0.1819 -1.0902   20010601.0000   20010701.0000
 2001.5367  2.43925441E-06 -1.40040736E-06  0.3997  0.3823 -0.1318 -0.7605   20010701.0000   20010801.0000
 2001.6215  2.43923040E-06 -1.40035289E-06  0.4365  0.4247 -0.3348 -0.4995   20010801.0000   20010901.0000
 2001.7064  2.43929478E-06 -1.40020174E-06  0.4238  0.4321  0.1203  0.2052   20010901.0000   20011001.0000
 2001.7885  2.43923727E-06 -1.40019882E-06  0.4674  0.4340 -0.1146  0.3800   20011001.0000   20011101.0000
 2001.8734  2.43930574E-06 -1.40033474E-06  0.5170  0.4746  0.1957  0.1182   20011101.0000   20011201.0000
 2001.9555  2.43932180E-06 -1.40013701E-06  0.5266  0.4991  0.0763  1.0511   20011201.0000   20020101.0000
 2002.0411  2.43930363E-06 -1.40023372E-06  0.5251  0.4930  0.2220  0.1968   20020101.0000   20020201.0000
 2002.1232  2.43922893E-06 -1.40031247E-06  0.4251  0.4290 -0.1003  0.2377   20020201.0000   20020301.0000
 2002.2026  2.43930072E-06 -1.40035344E-06  0.4466  0.4420 -0.0400 -0.5104   20020301.0000   20020401.0000
 2002.2875  2.43934537E-06 -1.40029651E-06  0.4392  0.4243 -0.0005 -0.2293   20020401.0000   20020501.0000
 2002.3696  2.43932359E-06 -1.40033266E-06  0.4575  0.4608  0.0884 -0.1698   20020501.0000   20020601.0000
 2002.4545  2.43924641E-06 -1.40036507E-06  0.4293  0.4221  0.0412 -0.4678   20020601.0000   20020701.0000
 2002.5367  2.43928011E-06 -1.40035619E-06  0.4492  0.4718 -0.0013 -0.2521   20020701.0000   20020801.0000
 2002.6215  2.43925316E-06 -1.40036478E-06  0.4458  0.4347 -0.3050 -0.4945   20020801.0000   20020901.0000
 2002.7064  2.43937591E-06 -1.40026957E-06  0.4415  0.4159  0.2091  0.4278   20020901.0000   20021001.0000
 2002.7885  2.43929583E-06 -1.40021470E-06  0.4142  0.4546  0.0037  0.4330   20021001.0000   20021101.0000
 2002.8734  2.43932692E-06 -1.40016667E-06  0.4044  0.4297  0.1786  0.7580   20021101.0000   20021201.0000
 2002.9555  2.43937056E-06 -1.40014501E-06  0.5322  0.5806  0.2866  1.0342   20021201.0000   20030101.0000
 2003.0411  2.43937735E-06 -1.40019285E-06  0.4761  0.4749  0.1607  0.3470   20030101.0000   20030201.0000
 2003.1232  2.43933920E-06 -1.40020713E-06  0.4566  0.4405  0.1602  0.4100   20030201.0000   20030301.0000
 2003.2026  2.43930792E-06 -1.40021897E-06  0.4111  0.3900  0.1508  0.6022   20030301.0000   20030401.0000
 2003.2875  2.43931045E-06 -1.40027837E-06  0.4794  0.4771  0.1131  0.1038   20030401.0000   20030501.0000
 2003.3696  2.43931882E-06 -1.40032243E-06  0.4887  0.4728  0.0408  0.0151   20030501.0000   20030601.0000
 2003.4545  2.43927747E-06 -1.40039185E-06  0.4941  0.4227 -0.0145 -1.0196   20030601.0000   20030701.0000
 2003.5367  2.43925046E-06 -1.40041669E-06  0.4684  0.4573 -0.1893 -0.7937   20030701.0000   20030801.0000
 2003.6215  2.43930024E-06 -1.40032016E-06  0.4378  0.3891 -0.1924 -0.4897   20030801.0000   20030901.0000
 2003.7064  2.43934399E-06 -1.40024207E-06  0.4251  0.3897 -0.0093  0.1171   20030901.0000   20031001.0000
 2003.7885  2.43931519E-06 -1.40022726E-06  0.4439  0.4219 -0.2154  0.4972   20031001.0000   20031101.0000
 2003.8734  2.43934669E-06 -1.40016344E-06  0.5362  0.5048  0.1405  1.0760   20031101.0000   20031201.0000
 2003.9555  2.43939702E-06 -1.40017494E-06  0.4406  0.4406  0.3946  0.7845   20031201.0000   20040101.0000
 2004.0411  2.43931258E-06 -1.40021180E-06  0.4648  0.4506 -0.2272  0.1409   20040101.0000   20040201.0000
 2004.1232  2.43936473E-06 -1.40026326E-06  0.5301  0.4962  0.2125  0.4764   20040201.0000   20040301.0000
 2004.2054  2.43933171E-06 -1.40032281E-06  0.6595  0.6076  0.2532  0.2254   20040301.0000   20040401.0000
 2004.2902  2.43927075E-06 -1.40035310E-06  0.6027  0.5652  0.0423 -0.3106   20040401.0000   20040501.0000
 2004.3724  2.43926047E-06 -1.40034297E-06  0.5936  0.5094 -0.0211 -0.1215   20040501.0000   20040601.0000
 2004.4573  2.43928204E-06 -1.40042291E-06  0.6829  0.6367  0.0279 -0.4444   20040601.0000   20040701.0000
 2004.5394  2.43929625E-06 -1.40038820E-06  0.7721  0.6553 -0.0466 -0.7241   20040701.0000   20040801.0000
 2004.6243  2.43927271E-06 -1.40032499E-06  0.5672  0.5117 -0.3029 -0.6050   20040801.0000   20040901.0000
 2004.7091  2.43938980E-06 -1.40025632E-06  0.5727  0.5457  0.2210  0.1300   20040901.0000   20041001.0000
 2004.7913  2.43936355E-06 -1.40019615E-06  0.6101  0.5977  0.2819  0.8639   20041001.0000   20041101.0000
 2004.8761  2.43938182E-06 -1.40025968E-06  0.5999  0.6443  0.1389  0.3018   20041101.0000   20041201.0000
 2004.9583  2.43934057E-06 -1.40019653E-06  0.5878  0.6007  0.0096  0.7949   20041201.0000   20050101.0000
 2005.0411  2.43936130E-06 -1.40023343E-06  0.4965  0.4962  0.3818  0.6410   20050101.0000   20050201.0000
 2005.1232  2.43931688E-06 -1.40019480E-06  0.5669  0.5893  0.0056  0.7847   20050201.0000   20050301.0000
 2005.2026  2.43930550E-06 -1.40027374E-06  0.6154  0.6331 -0.1252  0.0430   20050301.0000   20050401.0000
 2005.2875  2.43933058E-06 -1.40033344E-06  0.5201  0.5199 -0.0588  0.0063   20050401.0000   20050501.0000
 2005.3696  2.43937593E-06 -1.40036173E-06  0.4885  0.4956  0.2442 -0.5009   20050501.0000   20050601.0000
 2005.4545  2.43932806E-06 -1.40036084E-06  0.4789  0.4941 -0.0605 -0.9104   20050601.0000   20050701.0000
 2005.5367  2.43932346E-06 -1.40035924E-06  0.4714  0.4737  0.0675 -0.5909   20050701.0000   20050801.0000
 2005.6215  2.43938508E-06 -1.40031290E-06  0.4361  0.4372 -0.0058 -0.6500   20050801.0000   20050901.0000
 2005.7064  2.43940421E-06 -1.40019081E-06  0.4810  0.4498  0.1376  0.4544   20050901.0000   20051001.0000
 2005.7885  2.43944482E-06 -1.40013855E-06  0.4651  0.4476  0.5837  0.8188   20051001.0000   20051101.0000
 2005.8734  2.43942092E-06 -1.40013079E-06  0.5378  0.5013  0.1918  1.0298   20051101.0000   20051201.0000
 2005.9555  2.43938321E-06 -1.40011332E-06  0.5404  0.5252  0.2589  1.4498   20051201.0000   20060101.0000
 2006.0411  2.43935633E-06 -1.40019215E-06  0.5352  0.4902  0.0782  1.2155   20060101.0000   20060201.0000
 2006.1232  2.43932244E-06 -1.40027986E-06  0.5565  0.5519 -0.0218  0.4969   20060201.0000   20060301.0000
 2006.2026  2.43929381E-06 -1.40032109E-06  0.5556  0.5422 -0.1700 -0.4036   20060301.0000   20060401.0000
 2006.2875  2.43928955E-06 -1.40033486E-06  0.4831  0.4780 -0.3553 -0.0820   20060401.0000   20060501.0000
 2006.3696  2.43933606E-06 -1.40041060E-06  0.4431  0.4277 -0.0847 -0.4420   20060501.0000   20060601.0000
 2006.4545  2.43932908E-06 -1.40041722E-06  0.4062  0.3827  0.0739 -1.0450   20060601.0000   20060701.0000
 2006.5367  2.43932839E-06 -1.40039207E-06  0.4128  0.3949 -0.0693 -0.6749   20060701.0000   20060801.0000
 2006.6215  2.43931224E-06 -1.40038396E-06  0.4439  0.4365 -0.1774 -0.5898   20060801.0000   20060901.0000
 2006.7064  2.43938167E-06 -1.40026313E-06  0.4283  0.4410  0.0584  0.1680   20060901.0000   20061001.0000
 2006.7885  2.43941633E-06 -1.40023221E-06  0.4475  0.4495  0.1380  0.2629   20061001.0000   20061101.0000
 2006.8734  2.43943566E-06 -1.40017934E-06  0.4326  0.4411  0.2523  0.3956   20061101.0000   20061201.0000
 2006.9555  2.43941069E-06 -1.40015957E-06  0.4772  0.4958  0.3637  0.3010   20061201.0000   20070101.0000
 2007.0411  2.43935637E-06 -1.40013188E-06  0.4657  0.4614  0.1556  0.6605   20070101.0000   20070201.0000
 2007.1232  2.43934947E-06 -1.40020339E-06  0.5029  0.5105  0.0908  0.1371   20070201.0000   20070301.0000
 2007.2026  2.43936174E-06 -1.40020075E-06  0.4053  0.4148 -0.0477  0.5235   20070301.0000   20070401.0000
 2007.2875  2.43931359E-06 -1.40026428E-06  0.4495  0.4254 -0.0589  0.0472   20070401.0000   20070501.0000
 2007.3696  2.43930456E-06 -1.40035803E-06  0.3793  0.4151  0.1187 -0.5689   20070501.0000   20070601.0000
 2007.4545  2.43926166E-06 -1.40040272E-06  0.4117  0.4235 -0.2275 -1.2612   20070601.0000   20070701.0000
 2007.5367  2.43934531E-06 -1.40038060E-06  0.4418  0.4853 -0.0040 -1.0032   20070701.0000   20070801.0000
 2007.6215  2.43937255E-06 -1.40028041E-06  0.4174  0.4459  0.1115 -0.5179   20070801.0000   20070901.0000
 2007.7064  2.43942530E-06 -1.40021827E-06  0.4614  0.4862  0.2522  0.1309   20070901.0000   20071001.0000
 2007.7885  2.43946507E-06 -1.40014558E-06  0.4275  0.4622  0.4025  0.7565   20071001.0000   20071101.0000
 2007.8734  2.43940677E-06 -1.40019185E-06  0.5037  0.5251  0.1481  0.6178   20071101.0000   20071201.0000
 2007.9555  2.43942549E-06 -1.40020752E-06  0.5823  0.5756  0.2931  0.4983   20071201.0000   20080101.0000
 2008.0411  2.43941417E-06 -1.40018734E-06  0.4856  0.5376  0.3734  1.2414   20080101.0000   20080201.0000
 2008.1232  2.43938670E-06 -1.40020203E-06  0.4496  0.4916  0.3080  0.6840   20080201.0000   20080301.0000
 2008.2054  2.43931651E-06 -1.40033766E-06  0.4585  0.4996 -0.6399 -0.2930   20080301.0000   20080401.0000
 2008.2902  2.43934056E-06 -1.40040816E-06  0.5026  0.5245 -0.1638 -0.4429   20080401.0000   20080501.0000
 2008.3724  2.43929942E-06 -1.40037797E-06  0.4622  0.4870 -0.3436 -0.6761   20080501.0000   20080601.0000
 2008.4573  2.43937923E-06 -1.40034507E-06  0.5202  0.5452 -0.1563 -0.8223   20080601.0000   20080701.0000
 2008.5394  2.43934394E-06 -1.40040032E-06  0.4511  0.4978 -0.3052 -1.2854   20080701.0000   20080801.0000
 2008.6243  2.43934845E-06 -1.40027436E-06  0.4064  0.4608 -0.0932 -0.9065   20080801.0000   20080901.0000
 2008.7091  2.43940243E-06 -1.40024271E-06  0.4148  0.4436  0.2691 -0.0507   20080901.0000   20081001.0000
 2008.7913  2.43942667E-06 -1.40018884E-06  0.4187  0.4408  0.2669  0.4608   20081001.0000   20081101.0000
 2008.8761  2.43938166E-06 -1.40023790E-06  0.4604  0.4985  0.0053  0.3126   20081101.0000   20081201.0000
 2008.9583  2.43939795E-06 -1.40016040E-06  0.4864  0.5129  0.2904  0.8931   20081201.0000   20090101.0000
 2009.0411  2.43934190E-06 -1.40019869E-06  0.4426  0.4569 -0.1538  0.9261   20090101.0000   20090201.0000
 2009.1232  2.43938057E-06 -1.40031162E-06  0.4500  0.4953 -0.1384  0.1672   20090201.0000   20090301.0000
 2009.2026  2.43934049E-06 -1.40035293E-06  0.4442  0.4609 -0.3302 -0.1362   20090301.0000   20090401.0000
 2009.2875  2.43934578E-06 -1.40036412E-06  0.4796  0.4593 -0.2037 -0.2780   20090401.0000   20090501.0000
 2009.3696  2.43935706E-06 -1.40041243E-06  0.4692  0.4832 -0.2224 -0.7697   20090501.0000   20090601.0000
 2009.4545  2.43933128E-06 -1.40042024E-06  0.5100  0.5327 -0.0432 -0.7844   20090601.0000   20090701.0000
 2009.5367  2.43934513E-06 -1.40043406E-06  0.4695  0.4874 -0.1540 -0.9480   20090701.0000   20090801.0000
 2009.6215  2.43939998E-06 -1.40038954E-06  0.4191  0.4440 -0.0876 -0.4075   20090801.0000   20090901.0000
 2009.7064  2.43948490E-06 -1.40026296E-06  0.4595  0.4808  0.2166  0.2245   20090901.0000   20091001.0000
 2009.7885  2.43940685E-06 -1.40021799E-06  0.5323  0.5256  0.0523  0.3279   20091001.0000   20091101.0000
 2009.8734  2.43940887E-06 -1.40012721E-06  0.5602  0.5420 -0.0171  0.7777   20091101.0000   20091201.0000
 2009.9555  2.43941974E-06 -1.40014801E-06  0.5360  0.5737  0.0759  0.6538   20091201.0000   20100101.0000
 2010.0411  2.43947905E-06 -1.40008266E-06  0.5281  0.5565  0.5081  0.9674   20100101.0000   20100201.0000
 2010.1232  2.43943002E-06 -1.40017890E-06  0.5474  0.5923  0.0862  0.5699   20100201.0000   20100301.0000
 2010.2026  2.43943187E-06 -1.40022277E-06  0.4748  0.5068  0.0086  0.2655   20100301.0000   20100401.0000
 2010.2875  2.43940959E-06 -1.40022194E-06  0.5170  0.5792  0.0581  0.5012   20100401.0000   20100501.0000
 2010.3696  2.43937506E-06 -1.40031683E-06  0.6356  0.6804 -0.1608 -0.5532   20100501.0000   20100601.0000
 2010.4545  2.43947711E-06 -1.40036776E-06  0.6230  0.6112  0.1427 -0.8802   20100601.0000   20100701.0000
 2010.5367  2.43946228E-06 -1.40031532E-06  0.6395  0.5890  0.2381 -0.6201   20100701.0000   20100801.0000
 2010.6215  2.43941598E-06 -1.40029897E-06  0.5740  0.5698 -0.0912 -0.5746   20100801.0000   20100901.0000
 2010.7064  2.43946244E-06 -1.40026380E-06  0.4547  0.4952  0.1345 -0.1128   20100901.0000   20101001.0000
 2010.7885  2.43944551E-06 -1.40020026E-06  0.4754  0.5180 -0.0821  0.3646   20101001.0000   20101101.0000
 2010.8734  2.43944345E-06 -1.40021108E-06  0.5093  0.5310 -0.0178  0.1806   20101101.0000   20101201.0000
 2010.9555  2.43942933E-06 -1.40019381E-06  0.5890  0.6120  0.0886  0.3751   20101201.0000   20110101.0000
 2011.0411  2.43945736E-06 -1.40014919E-06  0.5210  0.5509  0.1959  1.1123   20110101.0000   20110201.0000
 2011.1232  2.43940191E-06 -1.40027893E-06  0.5909  0.6013 -0.1738  0.1616   20110201.0000   20110301.0000
 2011.2026  2.43939099E-06 -1.40034323E-06  0.5061  0.5138 -0.0084  0.1014   20110301.0000   20110401.0000
 2011.2875  2.43939402E-06 -1.40037125E-06  0.6343  0.6050 -0.1741  0.2236   20110401.0000   20110501.0000
 2011.3696  2.43939411E-06 -1.40036364E-06  0.4603  0.4668 -0.1531 -0.4564   20110501.0000   20110601.0000
 2011.4545  2.43939063E-06 -1.40045979E-06  0.4690  0.5077 -0.0896 -1.0002   20110601.0000   20110701.0000
 2011.5367  2.43937928E-06 -1.40044791E-06  0.4359  0.4880 -0.0846 -0.6744   20110701.0000   20110801.0000
 2011.6215  2.43940643E-06 -1.40034291E-06  0.3686  0.3891  0.0710 -0.5070   20110801.0000   20110901.0000
 2011.7064  2.43943312E-06 -1.40023536E-06  0.3837  0.4307  0.1148  0.1908   20110901.0000   20111001.0000
 2011.7885  2.43946179E-06 -1.40016979E-06  0.4423  0.4564  0.2863  0.4028   20111001.0000   20111101.0000
 2011.8734  2.43947252E-06 -1.40015295E-06  0.5193  0.5355  0.2048  0.7000   20111101.0000   20111201.0000
 2011.9555  2.43942076E-06 -1.40019495E-06  0.5491  0.6029 -0.0121  1.0511   20111201.0000   20120101.0000
 2012.0411  2.43944027E-06 -1.40013322E-06  0.5041  0.5279  0.4531  1.3614   20120101.0000   20120201.0000
 2012.1232  2.43946561E-06 -1.40024389E-06  0.5362  0.5823  0.4324  0.5798   20120201.0000   20120301.0000
 2012.2054  2.43940023E-06 -1.40035410E-06  0.4779  0.5034  0.0036  0.4541   20120301.0000   20120401.0000
 2012.2902  2.43934342E-06 -1.40035327E-06  0.4461  0.4920 -0.2558 -0.3833   20120401.0000   20120501.0000
 2012.3724  2.43939853E-06 -1.40038696E-06  0.3935  0.4357 -0.0442 -0.6000   20120501.0000   20120601.0000
 2012.4573  2.43941899E-06 -1.40034982E-06  0.4880  0.5108 -0.0087 -0.7362   20120601.0000   20120701.0000
 2012.5394  2.43942665E-06 -1.40038272E-06  0.3890  0.4285 -0.1380 -0.9422   20120701.0000   20120801.0000
 2012.6243  2.43950554E-06 -1.40037510E-06  0.4496  0.4740 -0.0457 -0.7109   20120801.0000   20120901.0000
 2012.7091  2.43947711E-06 -1.40025269E-06  0.4568  0.4940 -0.0180  0.3479   20120901.0000   20121001.0000
 2012.7913  2.43950309E-06 -1.40016808E-06  0.4263  0.4976  0.0384  0.4955   20121001.0000   20121101.0000
 2012.8761  2.43948633E-06 -1.40015008E-06  0.5223  0.5540 -0.0225  0.4807   20121101.0000   20121201.0000
 2012.9583  2.43954870E-06 -1.40011935E-06  0.7116  0.7419  0.5576  1.2008   20121201.0000   20130101.0000
 2013.0411  2.43946889E-06 -1.40020264E-06  0.5803  0.6044 -0.1492  0.7109   20130101.0000   20130201.0000
 2013.1232  2.43946710E-06 -1.40018622E-06  0.4819  0.5334  0.1070  0.7481   20130201.0000   20130301.0000
 2013.2026  2.43941381E-06 -1.40035160E-06  0.4788  0.5061 -0.4119 -0.1059   20130301.0000   20130401.0000
 2013.2875  2.43947119E-06 -1.40028712E-06  0.4626  0.4986 -0.0086 -0.1526   20130401.0000   20130501.0000
 2013.3696  2.43942460E-06 -1.40040289E-06  0.4382  0.4741 -0.0421 -0.5642   20130501.0000   20130601.0000
 2013.4545  2.43937883E-06 -1.40043145E-06  0.4893  0.5285 -0.0631 -0.7779   20130601.0000   20130701.0000
 2013.5367  2.43940723E-06 -1.40045329E-06  0.4998  0.5264  0.0091 -1.1433   20130701.0000   20130801.0000
 2013.6215  2.43946212E-06 -1.40033437E-06  0.4442  0.4474  0.0567 -0.4751   20130801.0000   20130901.0000
 2013.7064  2.43949002E-06 -1.40019166E-06  0.4215  0.4399  0.2196  0.2221   20130901.0000   20131001.0000
 2013.7885  2.43948446E-06 -1.40016763E-06  0.4821  0.5229  0.0943  0.5793   20131001.0000   20131101.0000
 2013.8734  2.43937843E-06 -1.40021603E-06  0.4983  0.5258 -0.0062  0.1242   20131101.0000   20131201.0000
 2013.9555  2.43945262E-06 -1.40026563E-06  0.5052  0.5292  0.1547  0.5067   20131201.0000   20140101.0000
 2014.0411  2.43935231E-06 -1.40025540E-06  0.4518  0.4706 -0.4471 -0.0638   20140101.0000   20140201.0000
 2014.1232  2.43938221E-06 -1.40030772E-06  0.5125  0.5278 -0.3621 -0.2542   20140201.0000   20140301.0000
 2014.2026  2.43933429E-06 -1.40036296E-06  0.4403  0.4441 -0.2599 -0.4855   20140301.0000   20140401.0000
 2014.2875  2.43942403E-06 -1.40032224E-06  0.4428  0.4546  0.1943 -0.4412   20140401.0000   20140501.0000
 2014.3696  2.43941882E-06 -1.40038745E-06  0.4189  0.4582  0.0684 -0.4491   20140501.0000   20140601.0000
 2014.4545  2.43936232E-06 -1.40035561E-06  0.4068  0.4354  0.2095 -0.5303   20140601.0000   20140701.0000
 2014.5367  2.43944377E-06 -1.40035624E-06  0.4645  0.4575  0.1688 -0.4527   20140701.0000   20140801.0000
 2014.6215  2.43941519E-06 -1.40031190E-06  0.4458  0.4412 -0.1858 -0.4331   20140801.0000   20140901.0000
 2014.7064  2.43940959E-06 -1.40021216E-06  0.4609  0.4869 -0.1635 -0.0174   20140901.0000   20141001.0000
 2014.7885  2.43933333E-06 -1.40025129E-06  0.4627  0.4775 -0.4011 -0.1245   20141001.0000   20141101.0000
 2014.8734  2.43940098E-06 -1.40016804E-06  0.5162  0.5471 -0.4380 -0.0976   20141101.0000   20141201.0000
 2014.9555  2.43938308E-06 -1.40024894E-06  0.5410  0.5794 -0.3633 -0.1422   20141201.0000   20150101.0000
 2015.0411  2.43937917E-06 -1.40023146E-06  0.5875  0.5489 -0.4057 -0.0956   20150101.0000   20150201.0000
 2015.1232  2.43935190E-06 -1.40025556E-06  0.6775  0.6520 -0.5083 -0.3453   20150201.0000   20150301.0000
 2015.2026  2.43942712E-06 -1.40035254E-06  0.4424  0.4751 -0.1484 -0.3959   20150301.0000   20150401.0000
